motor		velocidade 	tensão/M1&M2=MOTOR12_1KHZ		tensão/M1&M2=MOTOR12_2KHZ

1		40		0,7					4,8 (começa a rodar)
2		40		1,3 (começa a rodar)			4,1 (começa a rodar)
3		40		0,89					0,8
4		40		0,88					0,8

1		50		1,13					5,8
2		50		2,7					5,4
3		50		1,24					1,08
4		50		1,23					1,1

1		60		1,45					6,3
2		60		4,1					6,1
3		60		1,49					1,3
4		60		1,59					1,3

1		70		1,8					6,3
2		70		5,2					6,1
3		70		1,9					1,5
4		70		1,9					1,5

1		80		6,1 (começa a rodar)			6,0
2		80		6,2					5,5
3		80		2,3					1,59
4		80		6,0 (começa a rodar)			1,56

1		90		6,6					4,2
2		90		6,7					4,1
3		90		6,5					1,36
4		90		6,7 (começa a rodar)			1,35

1		100		7,0					3,4
2		100		7,0					3,4
3		100		7,2					1,3
4		100		7,2					1,3

